000001
000002
000003
000004
000005
000007
000009
000011
000012
000013
000014
000016
000018
000021
000022
000025
000026
000027
000030
000031
000032
000033
000035
000036
000037
000040
000043
000044
000045
000048
000049
000052
000053
000054
000059
000060
000061
000063
000064
000067
000069
000072
000074
000075
000077
000078
000079
000080
000082
000084
000086
000088
000090
000091
000092
000093
000095
000097
000098
000104
000106
000108
000109
000110
000113
000115
000116
000119
000122
000123
000124
000125
000126
000129
000131
000133
000138
000140
000145
000146
000147
000150
000151
000153
000155
000161
000162
000163
000165
000169
000170
000171
000172
000175
000176
000178
000181
000182
000183
000184
000186
000187
000192
000194
000195
000196
000200
000201
000204
000206
000209
000212
000213
000214
000215
000216
000217
000218
000219
000220
000221
000223
000224
000225
000227
000228
000230
000231
000233
000236
000240
000242
000248
000249
000251
000252
000253
000255
000259
000260
000264
000265
000266
000270
000271
000273
000275
000276
000277
000278
000279
000281
000283
000284
000286
000287
000288
000290
000291
000294
000296
000297
000298
000302
000303
000304
000305
000306
000308
000309
000310
000313
000314
000316
000317
000318
000319
000324
000326
000328
000332
000334
000335
000336
000337
000338
000341
000343
000344
000345
000348
000349
000350
000351
000352
000353
000354
000355
000357
000360
000361
000362
000366
000372
000373
000375
000376
000377
000378
000379
000384
000385
000386
000387
000388
000389
000391
000395
000400
000402
000403
000405
000406
000408
000409
000410
000412
000413
000414
000415
000418
000419
000420
000421
000422
000423
000424
000427
000430
000433
000435
000440
000441
000443
000444
000446
000448
000449
000452
000453
000454
000456
000457
000458
000459
000460
000463
000466
000469
000470
000472
000473
000474
000475
000476
000477
000479
000480
000484
000485
000487
000488
000490
000492
000494
000495
000497
000498
000500
000502
000503
000504
000506
000508
000509
000510
000511
000512
000514
000516
000517
000518
000520
000521
000523
000524
000525
000529
000531
000532
000534
000536
000537
000539
000541
000544
000545
000546
000547
000549
000552
000555
000556
000558
000559
000561
000564
000570
000571
000572
000573
000574
000575
000579
000580
000583
000584
000585
000586
000589
000590
000592
000594
000596
000597
000600
000601
000602
000605
000607
000609
000610
000611
000612
000613
000615
000618
000619
000620
000623
000624
000626
000628
000629
000632
000633
000636
000637
000638
000640
000642
000643
000644
000646
000647
000648
000649
000650
000652
000653
000654
000656
000657
000658
000659
000660
000661
000662
000664
000665
000666
000667
000670
000671
000674
000676
000679
000680
000681
000684
000685
000688
000690
000692
000694
000695
000696
000697
000700
000701
000702
000704
000707
000708
000709
000711
000712
000713
000714
000715
000716
000717
000720
000721
000725
000729
000731
000733
000734
000736
000738
000739
000740
000743
000745
000746
000748
000749
000751
000752
000753
000755
000757
000759
000761
000762
000763
000765
000767
000769
000770
000771
000773
000774
000775
000776
000777
000778
000779
000780
000781
000782
000784
000786
000792
000793
000795
000797
000798
000801
000802
000803
000804
000806
000809
000812
000813
000814
000815
000816
000818
000819
000822
000823
000824
000825
000826
000829
000830
000831
000832
000833
000835
000836
000837
000838
000839
000842
000843
000844
000845
000846
000849
000851
000852
000853
000854
000855
000857
000858
000860
000861
000862
000863
000864
000865
000866
000867
000868
000869
000870
000871
000877
000879
000881
000882
000884
000885
000886
000887
000888
000891
000895
000896
000899
000903
000904
000909
000910
000911
000914
000915
000916
000918
000920
000924
000925
000926
000927
000928
000929
000930
000935
000937
000938
000939
000941
000942
000943
000944
000945
000946
000947
000948
000949
000950
000951
000952
000954
000956
000963
000964
000965
000966
000967
000968
000969
000971
000973
000977
000978
000980
000981
000982
000984
000985
000986
000987
000990
000992
000995
000996
000997
000998
000999
001001
001004
001005
001006
001007
001009
001014
001015
001017
001018
001019
001020
001021
001026
001028
001029
001031
001032
001033
001036
001038
001040
001041
001043
001044
001045
001047
001048
001049
001051
001052
001053
001054
001055
001057
001058
001059
001063
001066
001068
001071
001072
001074
001075
001078
001079
001081
001082
001083
001085
001086
001087
001088
001089
001090
001091
001092
001095
001097
001098
001099
001102
001103
001104
001106
001108
001109
001111
001112
001114
001117
001119
001120
001121
001122
001126
001127
001128
001130
001131
001133
001134
001135
001136
001137
001139
001140
001141
001142
001143
001144
001145
001148
001151
001152
001153
001154
001159
001162
001164
001165
001167
001169
001170
001171
001172
001173
001174
001175
001176
001177
001178
001179
001180
001182
001187
001188
001189
001191
001192
001193
001194
001195
001196
001197
001198
001199
001201
001202
001203
001204
001206
001210
001211
001212
001213
001214
001217
001219
001220
001221
001222
001223
001224
001227
001229
001230
001231
001232
001233
001234
001235
001236
001237
001238
001239
001240
001242
001246
001249
001250
001252
001254
001255
001257
001258
001260
001262
001263
001264
001265
001268
001271
001272
001273
001274
001275
001277
001278
001279
001280
001283
001284
001286
001287
001288
001289
001290
001292
001294
001295
001296
001297
001300
001301
001304
001305
001308
001309
001311
001313
001314
001315
001318
001319
001322
001323
001324
001325
001326
001327
